38 87
38 88
38 89
38 90
38 91
38 92
38 93
38 94
38 95
38 96
38 97
38 98
38 99
38 100
38 101
38 102
38 103
38 104
38 105
38 106
38 107
38 108
39 86
39 87
39 88
39 89
39 90
39 91
39 92
39 93
39 94
39 95
39 96
39 97
39 98
39 99
39 100
39 101
39 102
39 103
39 104
39 105
39 106
39 107
39 108
39 109
39 329
39 330
39 331
39 332
40 85
40 86
40 87
40 88
40 105
40 106
40 107
40 108
40 109
40 110
40 111
40 112
40 113
40 329
40 330
40 331
40 332
40 333
40 334
40 335
40 336
40 337
40 338
40 339
40 613
41 85
41 86
41 109
41 110
41 111
41 112
41 113
41 114
41 115
41 116
41 332
41 333
41 334
41 335
41 336
41 337
41 338
41 339
41 340
41 341
41 342
41 343
41 344
41 345
41 492
41 613
42 112
42 113
42 114
42 115
42 116
42 117
42 118
42 337
42 338
42 339
42 340
42 341
42 342
42 343
42 344
42 345
42 346
42 347
42 348
42 349
42 350
42 351
42 352
42 353
42 492
42 613
43 115
43 116
43 117
43 118
43 119
43 120
43 345
43 346
43 347
43 348
43 349
43 350
43 351
43 352
43 353
43 354
43 355
43 356
43 357
43 492
44 117
44 118
44 119
44 120
44 121
44 290
44 291
44 292
44 293
44 348
44 349
44 350
44 351
44 352
44 353
44 354
44 355
44 356
44 357
44 358
44 359
44 360
44 492
44 613
45 119
45 120
45 289
45 290
45 291
45 292
45 293
45 357
45 358
45 359
45 360
45 361
45 362
45 492
45 613
46 287
46 288
46 289
46 290
46 360
46 361
46 362
46 363
46 364
46 493
46 613
47 285
47 286
47 287
47 288
47 362
47 363
47 364
47 365
47 493
47 613
48 283
48 284
48 285
48 286
48 364
48 365
48 366
48 493
48 613
49 281
49 282
49 283
49 284
49 365
49 366
49 367
49 493
49 613
50 280
50 281
50 282
50 366
50 367
50 368
50 493
50 613
51 278
51 279
51 280
51 281
51 367
51 368
51 369
51 613
52 277
52 278
52 279
52 368
52 369
52 370
52 613
53 54
53 55
53 276
53 277
53 278
53 369
53 370
53 371
53 613
54 53
54 54
54 55
54 275
54 276
54 370
54 371
54 493
54 494
54 613
55 52
55 53
55 54
55 55
55 274
55 275
55 494
55 613
56 51
56 52
56 53
56 54
56 273
56 274
56 494
56 613
57 50
57 51
57 52
57 272
57 273
57 494
57 613
58 49
58 50
58 51
58 271
58 272
58 495
58 613
59 49
59 50
59 51
59 270
59 271
59 495
59 613
60 48
60 49
60 50
60 270
60 271
60 495
60 496
60 613
61 47
61 48
61 49
61 269
61 270
61 495
61 496
61 613
62 47
62 48
62 49
62 269
62 495
62 496
62 613
63 46
63 47
63 48
63 268
63 269
63 495
63 496
63 613
64 45
64 46
64 47
64 268
64 495
64 496
64 613
65 45
65 46
65 47
65 139
65 140
65 495
65 496
65 613
66 45
66 46
66 139
66 140
66 495
66 496
66 613
67 44
67 45
67 46
67 140
67 141
67 495
67 496
67 613
68 44
68 45
68 46
68 140
68 141
68 495
68 496
68 613
69 43
69 44
69 45
69 141
69 142
69 495
69 496
70 43
70 44
70 45
70 141
70 142
70 143
70 495
70 496
71 43
71 44
71 142
71 143
72 43
72 44
72 142
72 143
72 144
73 42
73 43
73 44
73 143
73 144
74 42
74 43
74 44
74 143
74 144
74 145
75 42
75 43
75 44
75 144
75 145
76 42
76 43
76 44
76 144
76 145
77 41
77 42
77 43
77 145
77 146
78 41
78 42
78 43
78 145
78 146
78 147
79 41
79 42
79 145
79 146
79 147
80 146
80 147
80 148
81 147
81 148
82 147
82 148
82 149
83 148
83 149
84 148
84 149
84 258
85 148
85 149
85 150
85 257
85 258
85 259
86 149
86 150
86 257
86 258
87 149
87 150
87 256
87 257
88 149
88 150
88 255
88 256
88 257
89 149
89 150
89 151
89 255
89 256
90 149
90 150
90 151
90 254
90 255
91 150
91 151
91 254
91 255
92 150
92 151
92 152
92 253
92 254
93 150
93 151
93 152
93 253
93 254
94 150
94 151
94 152
94 252
94 253
95 151
95 152
95 252
95 253
96 151
96 152
96 252
96 253
97 151
97 152
97 252
98 252
98 253
99 252
100 251
100 252
101 251
101 252
102 251
102 252
103 251
103 252
103 495
104 251
104 252
104 495
104 496
105 251
105 252
105 495
105 496
106 251
106 495
106 496
107 251
107 495
107 496
108 251
108 495
108 496
109 251
109 495
109 496
110 251
110 495
110 496
110 615
111 36
111 37
111 251
111 495
111 496
111 615
112 35
112 36
112 37
112 495
112 496
112 615
113 35
113 36
113 37
113 495
113 496
113 615
114 35
114 36
114 37
114 495
114 496
114 615
115 35
115 36
115 37
115 495
115 496
115 615
116 35
116 36
116 37
116 495
116 496
116 615
117 35
117 36
117 37
117 495
117 496
117 615
118 35
118 36
118 37
118 495
118 496
118 615
119 35
119 36
119 37
119 495
119 496
119 615
120 35
120 36
120 37
120 495
120 496
120 615
121 35
121 36
121 37
121 495
121 496
121 615
122 35
122 36
122 37
122 495
122 496
122 615
122 616
123 35
123 36
123 37
123 495
123 496
123 615
123 616
124 35
124 36
124 37
124 495
124 496
124 517
124 518
124 519
124 520
124 521
124 522
124 523
124 524
124 525
124 526
124 527
124 528
124 615
124 616
125 35
125 36
125 37
125 495
125 496
125 529
125 530
125 531
125 615
125 616
126 35
126 36
126 37
126 495
126 496
126 534
126 535
126 536
126 537
126 538
126 539
126 540
126 541
126 542
126 543
126 544
126 545
126 575
126 576
126 577
126 578
126 579
126 580
126 581
126 582
126 583
126 584
126 585
126 586
126 587
126 588
126 589
126 590
126 591
126 592
126 593
126 594
126 595
126 596
126 597
126 598
126 599
126 600
126 615
126 616
127 35
127 36
127 37
127 155
127 495
127 496
127 588
127 589
127 590
127 591
127 592
127 593
127 594
127 595
127 596
127 597
127 598
127 599
127 615
127 616
128 35
128 36
128 37
128 155
128 156
128 495
128 496
128 615
128 616
129 35
129 36
129 37
129 155
129 156
129 495
129 496
129 615
129 616
130 35
130 36
130 37
130 133
130 134
130 135
130 136
130 155
130 156
130 495
130 496
130 615
130 616
131 35
131 36
131 37
131 113
131 114
131 115
131 116
131 117
131 118
131 119
131 120
131 121
131 122
131 123
131 124
131 125
131 126
131 127
131 128
131 129
131 130
131 131
131 132
131 133
131 134
131 135
131 136
131 155
131 156
131 496
131 615
131 616
132 35
132 36
132 37
132 73
132 74
132 75
132 76
132 77
132 78
132 79
132 80
132 81
132 82
132 83
132 84
132 85
132 113
132 114
132 115
132 116
132 117
132 118
132 119
132 120
132 121
132 122
132 123
132 124
132 125
132 126
132 127
132 128
132 129
132 130
132 131
132 132
132 133
132 134
132 135
132 155
132 156
132 496
132 615
132 616
133 35
133 36
133 37
133 64
133 65
133 66
133 67
133 68
133 69
133 70
133 71
133 72
133 73
133 74
133 75
133 76
133 77
133 78
133 79
133 80
133 81
133 82
133 83
133 84
133 85
133 86
133 155
133 156
133 496
133 615
133 616
134 36
134 37
134 38
134 64
134 65
134 66
134 156
134 496
134 615
134 616
135 36
135 37
135 38
135 156
135 496
135 616
136 36
136 37
136 38
136 156
136 496
136 616
137 36
137 37
137 38
137 156
137 496
137 497
137 616
138 36
138 37
138 38
138 156
138 496
138 497
138 616
139 36
139 37
139 38
139 156
139 616
140 36
140 37
140 156
140 157
140 616
141 156
141 157
141 616
142 156
142 157
142 616
143 156
143 157
143 249
143 616
144 156
144 157
144 249
144 616
145 156
145 157
145 249
145 616
146 156
146 157
146 249
146 616
147 156
147 157
147 249
147 616
148 156
148 157
148 249
149 156
149 157
149 249
150 156
150 157
150 249
151 156
151 157
151 249
152 156
152 157
152 249
153 156
153 157
153 249
154 156
154 157
154 248
154 249
155 156
155 157
155 249
156 156
156 157
156 248
156 249
156 250
157 157
157 249
157 250
158 249
158 250
159 250
159 251
160 250
160 251
161 251
161 252
162 251
162 252
163 252
163 253
164 252
164 253
164 254
165 253
165 254
166 253
166 254
166 255
167 254
167 255
168 254
168 255
168 369
168 370
168 371
168 372
168 373
168 374
169 254
169 255
169 256
169 353
169 354
169 355
169 356
169 357
169 358
169 359
169 360
169 361
169 362
169 363
169 364
169 365
169 366
169 367
169 368
169 369
169 370
169 371
169 372
169 373
169 374
169 375
169 376
169 377
169 378
169 379
169 380
169 381
170 36
170 37
170 255
170 256
170 257
170 348
170 349
170 350
170 351
170 352
170 353
170 354
170 355
170 356
170 357
170 358
170 359
170 360
170 361
170 362
170 363
170 364
170 365
170 366
170 367
170 368
171 36
171 37
171 38
171 155
171 255
171 256
171 257
171 347
171 348
171 349
171 350
171 351
171 352
171 353
171 354
171 383
171 384
172 36
172 37
172 38
172 155
172 156
172 348
172 349
172 383
172 384
173 36
173 37
173 155
173 156
173 383
173 384
174 36
174 37
174 38
174 156
174 383
174 384
174 495
175 36
175 37
175 156
175 383
175 384
175 495
176 36
176 37
176 38
176 156
176 383
176 384
176 495
177 36
177 37
177 156
177 383
177 495
178 36
178 37
178 156
178 383
178 495
179 36
179 37
179 156
179 383
179 495
180 36
180 37
180 156
180 157
180 382
180 383
180 495
180 615
180 616
181 36
181 37
181 157
181 382
181 495
181 615
181 616
182 36
182 37
182 157
182 381
182 382
182 494
182 495
182 615
182 616
183 36
183 37
183 157
183 381
183 382
183 495
183 615
183 616
184 36
184 37
184 157
184 381
184 494
184 495
184 615
184 616
185 36
185 37
185 157
185 380
185 495
185 615
185 616
186 36
186 37
186 157
186 158
186 379
186 380
186 494
186 495
186 615
186 616
187 36
187 37
187 157
187 158
187 379
187 380
187 495
187 615
187 616
188 36
188 37
188 157
188 158
188 378
188 379
188 495
188 615
188 616
189 36
189 37
189 157
189 158
189 378
189 379
189 495
189 615
189 616
190 36
190 37
190 157
190 158
190 377
190 378
190 495
190 615
190 616
191 36
191 37
191 157
191 158
191 376
191 377
191 378
191 494
191 495
191 615
191 616
192 36
192 37
192 38
192 157
192 158
192 376
192 377
192 494
192 615
192 616
193 37
193 38
193 157
193 158
193 375
193 376
193 494
193 615
193 616
194 37
194 38
194 157
194 158
194 375
194 494
194 615
194 616
195 37
195 38
195 157
195 158
195 373
195 374
195 494
195 615
195 616
196 37
196 38
196 157
196 158
196 373
196 494
196 615
196 616
197 37
197 38
197 157
197 158
197 272
197 273
197 372
197 494
197 615
197 616
198 37
198 38
198 157
198 158
198 272
198 273
198 274
198 371
198 372
198 494
198 615
198 616
199 37
199 38
199 157
199 158
199 273
199 274
199 275
199 369
199 370
199 371
199 494
199 615
199 616
200 37
200 38
200 157
200 158
200 274
200 275
200 368
200 369
200 370
200 494
200 615
200 616
201 37
201 38
201 157
201 275
201 276
201 366
201 367
201 494
201 615
201 616
202 37
202 38
202 157
202 276
202 277
202 364
202 365
202 366
202 494
202 615
202 616
203 37
203 38
203 157
203 276
203 277
203 278
203 362
203 363
203 494
203 615
203 616
204 37
204 38
204 157
204 277
204 278
204 279
204 360
204 361
204 494
204 615
204 616
205 157
205 279
205 280
205 358
205 359
205 494
205 615
205 616
206 156
206 157
206 280
206 281
206 356
206 357
206 494
206 615
206 616
207 156
207 281
207 282
207 354
207 355
207 494
207 615
207 616
208 155
208 156
208 157
208 282
208 283
208 284
208 349
208 350
208 494
208 615
208 616
209 155
209 156
209 283
209 284
209 285
209 494
209 615
209 616
210 285
210 286
210 287
210 288
210 289
210 290
210 494
210 615
210 616
211 286
211 287
211 288
211 289
211 290
211 291
211 292
211 293
211 294
211 494
211 615
211 616
212 290
212 291
212 292
212 293
212 294
212 295
212 296
212 297
212 298
212 299
212 300
212 301
212 302
212 494
212 615
212 616
213 295
213 296
213 297
213 298
213 299
213 300
213 301
213 302
213 494
213 615
213 616
214 494
214 615
214 616
215 615
215 616
216 615
216 616
217 615
217 616
218 615
218 616
219 615
219 616
291 474
291 475
291 476
291 477
291 478
291 479
291 480
291 481
291 482
291 483
291 484
291 485
291 486
291 487
291 488
291 489
291 490
291 491
291 492
291 493
291 494
291 495
291 496
291 497
291 498
291 499
291 500
291 501
291 502
291 503
291 504
291 505
291 506
291 507
291 508
292 138
292 427
292 428
292 429
292 430
292 431
292 432
292 433
292 434
292 435
292 471
292 472
292 473
292 474
292 475
292 476
292 477
292 478
292 479
292 480
292 481
292 482
292 483
292 484
292 485
292 486
292 487
292 488
292 489
292 490
292 491
292 492
292 493
292 494
292 495
292 496
292 497
292 498
292 499
292 500
292 501
292 502
292 503
292 504
292 505
292 506
292 507
292 508
293 138
293 139
293 413
293 414
293 415
293 416
293 417
293 418
293 419
293 420
293 421
293 422
293 423
293 424
293 425
293 426
293 428
293 429
293 430
293 431
293 432
293 433
293 434
294 138
294 139
294 307
294 308
294 309
294 310
294 311
294 312
294 313
294 314
294 315
294 316
294 317
294 318
294 319
294 320
294 321
294 322
294 323
294 408
294 409
294 410
294 411
294 412
294 413
294 414
294 415
294 416
295 138
295 139
295 252
295 298
295 299
295 300
295 301
295 302
295 303
295 304
295 305
295 306
295 307
295 323
295 324
295 397
295 398
295 399
295 400
295 401
295 402
295 403
295 404
295 405
295 406
295 407
296 138
296 139
296 254
296 255
296 256
296 257
296 294
296 295
296 296
296 297
296 298
296 299
296 300
296 301
296 302
296 303
296 304
296 305
297 138
297 139
297 249
297 259
297 260
297 288
297 289
297 290
297 291
297 292
297 293
298 138
298 139
298 249
298 264
298 265
298 266
298 267
298 268
298 269
298 270
298 271
298 272
298 273
298 274
298 275
298 276
298 277
298 278
298 279
298 280
298 281
298 282
298 283
298 284
298 285
298 286
298 287
298 288
298 289
298 290
298 291
299 138
299 139
299 249
300 138
300 139
300 249
301 138
301 139
301 249
302 138
302 139
302 249
303 138
303 139
303 249
304 138
304 139
304 248
305 138
305 139
305 248
306 138
306 139
306 248
307 139
307 248
308 139
308 247
308 248
309 139
309 247
309 248
310 139
310 247
310 248
311 139
311 247
311 248
312 138
312 139
312 247
312 248
313 138
313 247
313 248
314 138
314 247
314 248
315 138
315 247
315 248
316 138
316 247
316 248
317 138
317 247
317 248
318 138
318 247
318 248
319 138
319 247
319 248
320 138
320 247
320 248
321 138
321 247
321 248
322 137
322 138
322 247
322 248
323 137
323 138
323 247
323 248
324 137
324 138
324 247
324 248
324 452
325 137
325 138
325 247
325 248
326 137
326 138
326 248
327 137
327 138
327 248
328 137
328 138
328 248
328 249
329 137
329 138
329 249
329 451
330 137
330 138
330 248
330 249
330 451
331 138
331 249
331 250
331 451
332 138
332 249
332 250
332 451
333 138
333 139
333 249
333 250
333 251
333 451
334 139
334 250
334 251
334 451
335 139
335 250
335 251
336 139
336 140
336 250
336 251
336 450
337 139
337 140
337 250
337 251
337 450
338 140
338 141
338 450
339 140
339 450
340 140
340 450
341 140
341 450
342 140
342 450
343 450
344 450
345 450
346 450
347 450
348 450
349 450
350 450
351 450
352 450
353 450
354 450
355 450
356 450
357 451
358 451
359 451
360 451
361 451
361 452
362 451
362 452
363 250
364 250
365 250
366 139
366 140
366 250
367 139
367 140
367 250
368 139
368 140
368 250
369 139
369 140
369 250
370 139
370 140
370 250
371 139
371 140
371 250
372 139
372 140
372 250
373 139
373 140
373 250
374 139
374 140
374 250
375 140
375 250
376 140
376 141
376 250
377 140
377 250
378 140
378 141
378 250
379 141
379 250
379 251
380 140
380 141
380 251
381 141
381 251
382 141
382 142
382 251
383 141
383 142
383 251
384 141
384 142
384 251
385 142
385 143
385 251
385 320
385 321
385 322
386 142
386 143
386 251
386 272
386 273
386 313
386 314
386 315
386 316
386 317
386 318
386 319
386 320
386 321
386 322
387 142
387 143
387 251
387 273
387 274
387 275
387 276
387 277
387 278
387 279
387 280
387 281
387 282
387 283
387 284
387 308
387 309
387 310
387 311
387 312
387 313
387 314
387 315
387 316
387 317
387 318
387 319
388 142
388 143
388 251
388 280
388 281
388 282
388 283
388 284
388 285
388 286
388 287
388 288
388 289
388 290
388 291
388 292
388 293
388 294
388 295
388 296
388 297
388 298
388 299
388 300
388 305
388 306
388 307
388 308
388 309
388 310
388 311
389 142
389 143
389 251
389 300
389 301
389 302
389 303
389 304
389 306
389 307
389 308
390 142
390 143
390 251
391 143
391 144
391 251
392 143
392 144
392 251
393 143
393 144
393 251
394 143
394 144
394 251
395 143
395 144
395 251
396 143
396 144
396 251
397 143
397 144
397 251
398 143
398 144
398 251
399 143
399 144
399 251
400 143
400 144
400 251
401 143
401 144
401 250
401 251
402 143
402 144
402 250
402 453
403 143
403 144
403 453
404 143
404 144
404 453
405 143
405 144
405 453
406 143
406 144
406 453
407 143
407 144
407 452
408 142
408 143
408 144
408 452
409 142
409 143
409 452
410 141
410 142
410 452
411 141
411 142
411 452
412 452
413 452
414 452
415 452
416 452
417 452
418 452
419 452
420 452
421 452
422 452
422 453
423 452
424 452
424 453
425 452
425 453
426 452
426 453
427 451
427 452
428 451
428 452
429 451
437 249
438 249
439 249
439 250
440 249
440 250
441 249
441 250
442 138
442 139
442 249
442 250
443 138
443 139
443 249
443 250
444 138
444 139
444 249
444 250
445 138
445 139
445 249
445 250
446 138
446 139
446 249
446 250
447 138
447 139
447 250
447 251
448 138
448 139
448 250
448 251
448 451
449 138
449 139
449 250
449 251
449 451
450 138
450 139
450 250
450 251
450 451
451 138
451 139
451 250
451 251
451 451
452 138
452 139
452 250
452 251
452 451
453 138
453 139
453 250
453 251
453 451
454 138
454 139
454 250
454 251
454 451
455 138
455 139
455 250
455 251
455 451
456 138
456 139
456 250
456 251
456 451
457 138
457 139
457 250
457 451
458 138
458 139
458 250
458 251
458 450
458 451
459 138
459 139
459 250
459 451
460 138
460 139
460 250
460 251
460 450
460 451
461 138
461 139
461 250
461 251
461 320
461 321
461 322
461 450
461 451
462 138
462 139
462 250
462 251
462 275
462 276
462 277
462 278
462 279
462 280
462 281
462 282
462 283
462 284
462 285
462 286
462 287
462 288
462 289
462 290
462 291
462 292
462 293
462 294
462 295
462 296
462 297
462 315
462 316
462 317
462 318
462 319
462 320
462 321
462 322
462 450
462 451
463 138
463 139
463 250
463 251
463 269
463 270
463 271
463 272
463 273
463 274
463 297
463 298
463 299
463 300
463 301
463 302
463 303
463 304
463 305
463 306
463 307
463 308
463 309
463 310
463 311
463 312
463 313
463 314
463 315
463 316
463 317
463 450
463 451
464 138
464 139
464 250
464 251
464 265
464 266
464 267
464 268
464 269
464 270
464 450
464 451
465 138
465 139
465 250
465 251
465 261
465 262
465 263
465 264
465 450
465 451
466 138
466 139
466 250
466 251
466 252
466 253
466 254
466 255
466 256
466 257
466 258
466 259
466 260
466 261
466 262
466 450
466 451
467 138
467 139
467 250
467 450
467 451
467 452
468 138
468 139
468 451
468 452
469 138
469 139
469 451
469 452
470 138
470 139
470 451
470 452
470 453
471 138
471 139
471 452
